11	3.0
12	3.0
13	3.0
14	2.0
15	4.0
16	4.0
17	5.0
18	4.0
19	4.0
20	3.0
21	4.0
22	7.0
23	6.0
24	4.0
25	7.0
26	5.0
27	5.0
28	7.0
29	2.0
30	4.0
31	5.0
32	9.0
33	5.0
34	13.0
35	6.0
36	8.0
37	8.0
38	13.0
39	6.0
40	8.0
41	11.0
42	8.0
43	12.0
44	16.0
45	14.0
46	14.0
47	7.0
48	7.0
49	10.0
50	9.0
51	13.0
52	10.0
53	11.0
54	13.0
55	11.0
56	11.0
57	13.0
58	15.0
59	19.0
60	24.0
61	20.0
62	21.0
63	18.0
64	15.0
65	10.0
66	11.0
67	15.0
68	14.0
69	13.0
70	15.0
71	11.0
72	13.0
73	17.0
74	13.0
75	15.0
76	15.0
77	19.0
78	12.0
79	13.0
80	19.0
81	24.0
82	26.0
83	25.0
84	29.0
85	32.0
86	20.0
87	16.0
88	20.0
89	15.0
90	17.0
91	17.0
92	19.0
93	20.0
94	21.0
95	23.0
96	24.0
97	17.0
98	21.0
99	17.0
100	18.0
101	16.0
102	19.0
103	19.0
104	20.0
105	21.0
106	35.0
107	37.0
108	40.0
109	35.0
110	43.0
111	40.0
112	22.0
113	22.0
114	20.0
115	20.0
116	26.0
117	21.0
118	27.0
119	23.0
120	22.0
121	27.0
122	24.0
123	25.0
124	25.0
125	29.0
126	23.0
127	23.0
128	23.0
129	17.0
130	22.0
131	28.0
132	29.0
133	31.0
134	36.0
135	32.0
136	35.0
137	31.0
138	27.0
139	28.0
140	25.0
141	37.0
142	35.0
143	37.0
144	25.0
145	31.0
146	33.0
147	30.0
148	26.0
149	29.0
150	27.0
151	37.0
152	32.0
153	28.0
154	22.0
155	26.0
156	30.0
157	31.0
158	32.0
159	27.0
160	31.0
161	31.0
162	31.0
163	25.0
164	32.0
165	34.0
166	31.0
167	35.0
168	35.0
169	34.0
170	29.0
171	32.0
172	30.0
173	32.0
174	30.0
175	30.0
176	38.0
177	33.0
178	42.0
179	36.0
180	32.0
181	34.0
182	45.0
183	42.0
184	33.0
185	30.0
186	36.0
187	39.0
188	37.0
189	37.0
190	35.0
191	29.0
192	38.0
193	40.0
194	31.0
195	35.0
196	36.0
197	42.0
198	34.0
199	37.0
200	37.0
201	38.0
202	46.0
203	40.0
204	39.0
205	42.0
206	47.0
207	38.0
208	44.0
209	52.0
210	45.0
211	50.0
212	52.0
213	48.0
214	50.0
215	59.0
216	58.0
217	49.0
218	53.0
219	54.0
220	49.0
221	54.0
222	50.0
223	49.0
224	39.0
225	50.0
226	48.0
227	43.0
228	46.0
229	38.0
230	44.0
231	41.0
232	46.0
233	65.0
234	52.0
235	46.0
236	59.0
237	53.0
238	65.0
239	56.0
240	62.0
241	66.0
242	56.0
243	61.0
244	52.0
245	52.0
246	52.0
247	55.0
248	47.0
249	58.0
250	56.0
251	52.0
252	52.0
253	59.0
254	52.0
255	57.0
256	51.0
257	65.0
258	57.0
259	49.0
260	64.0
261	62.0
262	64.0
263	55.0
264	51.0
265	54.0
266	50.0
267	61.0
268	57.0
269	64.0
270	63.0
271	55.0
272	50.0
273	62.0
274	56.0
275	53.0
276	65.0
277	53.0
278	58.0
279	56.0
280	60.0
281	62.0
282	57.0
283	54.0
284	56.0
285	60.0
286	53.0
287	55.0
288	77.0
289	64.0
290	57.0
291	60.0
292	61.0
293	61.0
294	64.0
295	61.0
296	68.0
297	56.0
298	56.0
299	60.0
300	60.0
301	66.0
302	62.0
303	61.0
304	72.0
305	69.0
306	65.0
307	62.0
308	74.0
309	62.0
310	61.0
311	68.0
312	66.0
313	67.0
314	70.0
315	63.0
316	64.0
317	72.0
318	77.0
319	66.0
320	72.0
321	60.0
322	68.0
323	65.0
324	67.0
325	58.0
326	70.0
327	73.0
328	72.0
329	62.0
330	65.0
331	81.0
332	76.0
333	67.0
334	75.0
335	63.0
336	67.0
337	74.0
338	76.0
339	65.0
340	73.0
341	72.0
342	73.0
343	88.0
344	79.0
345	73.0
346	71.0
347	72.0
348	67.0
349	70.0
350	79.0
351	74.0
352	80.0
353	83.0
354	77.0
355	77.0
356	72.0
357	67.0
358	68.0
359	78.0
360	67.0
361	76.0
362	77.0
363	78.0
364	84.0
365	64.0
366	86.0
367	82.0
368	72.0
369	96.0
370	83.0
371	78.0
372	79.0
373	77.0
374	80.0
375	87.0
376	70.0
377	73.0
378	80.0
379	83.0
380	87.0
381	85.0
382	84.0
383	79.0
384	82.0
385	77.0
386	84.0
387	90.0
388	95.0
389	96.0
390	84.0
391	88.0
392	94.0
393	85.0
394	81.0
395	78.0
396	82.0
397	78.0
398	82.0
399	92.0
400	93.0
401	85.0
402	87.0
403	100.0
404	88.0
405	90.0
406	98.0
407	82.0
408	87.0
409	90.0
410	83.0
411	90.0
412	77.0
413	100.0
414	102.0
415	92.0
416	115.0
417	104.0
418	96.0
419	97.0
420	94.0
421	92.0
422	96.0
423	91.0
424	98.0
425	97.0
426	95.0
427	97.0
428	89.0
429	102.0
430	94.0
431	100.0
432	99.0
433	96.0
434	95.0
435	94.0
436	102.0
437	106.0
438	94.0
439	95.0
440	114.0
441	95.0
442	93.0
443	105.0
444	92.0
445	94.0
446	98.0
447	98.0
448	104.0
449	95.0
450	109.0
451	99.0
452	93.0
453	102.0
454	99.0
455	105.0
456	93.0
457	101.0
458	96.0
459	89.0
460	104.0
461	109.0
462	108.0
463	104.0
464	100.0
465	95.0
466	89.0
467	110.0
468	99.0
469	103.0
470	109.0
471	99.0
472	112.0
473	110.0
474	114.0
475	99.0
476	101.0
477	113.0
478	100.0
479	98.0
480	104.0
481	94.0
482	109.0
483	102.0
484	110.0
485	97.0
486	111.0
487	112.0
488	107.0
489	110.0
490	122.0
491	106.0
492	104.0
493	98.0
494	100.0
495	114.0
496	113.0
497	113.0
498	103.0
499	120.0
500	107.0
501	108.0
502	117.0
503	121.0
504	105.0
505	101.0
506	99.0
507	117.0
508	106.0
509	109.0
510	126.0
511	112.0
512	120.0
513	115.0
514	115.0
515	114.0
516	119.0
517	120.0
518	113.0
519	117.0
520	113.0
521	110.0
522	106.0
523	117.0
524	99.0
525	109.0
526	108.0
527	123.0
528	123.0
529	109.0
530	109.0
531	113.0
532	109.0
533	124.0
534	125.0
535	114.0
536	118.0
537	114.0
538	110.0
539	121.0
540	127.0
541	119.0
542	119.0
543	110.0
544	128.0
545	110.0
546	117.0
547	122.0
548	118.0
549	126.0
550	123.0
551	122.0
552	120.0
553	130.0
554	127.0
555	122.0
556	124.0
557	130.0
558	111.0
559	131.0
560	130.0
561	128.0
562	133.0
563	127.0
564	114.0
565	125.0
566	126.0
567	132.0
568	125.0
569	121.0
570	133.0
571	120.0
572	121.0
573	126.0
574	123.0
575	127.0
576	131.0
577	138.0
578	117.0
579	139.0
580	120.0
581	126.0
582	142.0
583	154.0
584	131.0
585	128.0
586	125.0
587	129.0
588	132.0
589	137.0
590	124.0
591	139.0
592	136.0
593	142.0
594	139.0
595	135.0
596	136.0
597	124.0
598	143.0
599	123.0
600	147.0
601	133.0
602	140.0
603	140.0
604	142.0
605	141.0
606	134.0
607	145.0
608	134.0
609	133.0
610	139.0
611	137.0
612	148.0
613	127.0
614	148.0
615	128.0
616	143.0
617	137.0
618	123.0
619	153.0
620	121.0
621	143.0
622	151.0
623	142.0
624	153.0
625	145.0
626	145.0
627	150.0
628	130.0
629	131.0
630	154.0
631	136.0
632	140.0
633	142.0
634	141.0
635	160.0
636	124.0
637	148.0
638	149.0
639	157.0
640	142.0
641	136.0
642	171.0
643	154.0
644	129.0
645	149.0
646	149.0
647	146.0
648	154.0
649	140.0
650	129.0
651	151.0
652	142.0
653	134.0
654	161.0
655	142.0
656	140.0
657	150.0
658	151.0
659	144.0
660	154.0
661	151.0
662	153.0
663	156.0
664	164.0
665	172.0
666	148.0
667	142.0
668	174.0
669	160.0
670	144.0
671	155.0
672	157.0
673	149.0
674	146.0
675	144.0
676	158.0
677	144.0
678	152.0
679	165.0
680	153.0
681	166.0
682	158.0
683	163.0
684	167.0
685	157.0
686	152.0
687	149.0
688	150.0
689	143.0
690	157.0
691	149.0
692	158.0
693	159.0
694	159.0
695	170.0
696	161.0
697	171.0
698	165.0
699	151.0
700	167.0
701	156.0
702	164.0
703	166.0
704	161.0
705	153.0
706	161.0
707	157.0
708	162.0
709	159.0
710	153.0
711	156.0
712	174.0
713	160.0
714	160.0
715	160.0
716	171.0
717	172.0
718	176.0
719	162.0
720	173.0
721	166.0
722	155.0
723	174.0
724	189.0
725	179.0
726	168.0
727	170.0
728	162.0
729	169.0
730	184.0
731	184.0
732	173.0
733	170.0
734	164.0
735	177.0
736	157.0
737	168.0
738	184.0
739	167.0
740	174.0
741	164.0
742	173.0
743	171.0
744	163.0
745	169.0
746	159.0
747	177.0
748	172.0
749	178.0
750	170.0
751	189.0
752	163.0
753	168.0
754	173.0
755	171.0
756	194.0
757	171.0
758	197.0
759	164.0
760	173.0
761	177.0
762	179.0
763	171.0
764	168.0
765	180.0
766	162.0
767	182.0
768	188.0
769	188.0
770	179.0
771	159.0
772	174.0
773	171.0
774	181.0
775	189.0
776	176.0
777	185.0
778	177.0
779	181.0
780	193.0
781	193.0
782	180.0
783	189.0
784	180.0
785	177.0
786	172.0
787	169.0
788	188.0
789	165.0
790	181.0
791	189.0
792	167.0
793	189.0
794	183.0
795	191.0
796	185.0
797	179.0
798	187.0
799	180.0
800	186.0
801	179.0
802	175.0
803	171.0
804	184.0
805	206.0
806	181.0
807	186.0
808	198.0
809	184.0
810	188.0
811	186.0
812	183.0
813	177.0
814	167.0
815	188.0
816	183.0
817	172.0
818	186.0
819	182.0
820	202.0
821	184.0
822	174.0
823	189.0
824	189.0
825	189.0
826	195.0
827	175.0
828	188.0
829	194.0
830	179.0
831	183.0
832	211.0
833	194.0
834	187.0
835	187.0
836	188.0
837	206.0
838	199.0
839	203.0
840	176.0
841	188.0
842	204.0
843	199.0
844	193.0
845	212.0
846	192.0
847	198.0
848	197.0
849	176.0
850	188.0
851	209.0
852	187.0
853	193.0
854	194.0
855	210.0
856	194.0
857	176.0
858	205.0
859	191.0
860	210.0
861	189.0
862	197.0
863	209.0
864	214.0
865	208.0
866	213.0
867	208.0
868	192.0
869	203.0
870	210.0
871	247.0
872	189.0
873	191.0
874	205.0
875	218.0
876	206.0
877	212.0
878	198.0
879	193.0
880	191.0
881	220.0
882	201.0
883	225.0
884	199.0
885	211.0
886	188.0
887	212.0
888	227.0
889	213.0
890	218.0
891	223.0
892	210.0
893	231.0
894	181.0
895	226.0
896	216.0
897	207.0
898	214.0
899	198.0
900	221.0
901	210.0
902	212.0
903	227.0
904	194.0
905	219.0
906	223.0
907	220.0
908	200.0
909	211.0
910	198.0
911	217.0
912	213.0
913	224.0
914	215.0
915	231.0
916	211.0
917	219.0
918	219.0
919	207.0
920	223.0
921	209.0
922	208.0
923	213.0
924	219.0
925	197.0
926	219.0
927	223.0
928	211.0
929	227.0
930	212.0
931	223.0
932	206.0
933	227.0
934	209.0
935	225.0
936	226.0
937	241.0
938	218.0
939	213.0
940	246.0
941	229.0
942	220.0
943	221.0
944	230.0
945	240.0
946	228.0
947	219.0
948	222.0
949	212.0
950	225.0
951	201.0
952	222.0
953	220.0
954	222.0
955	212.0
956	235.0
957	221.0
958	231.0
959	220.0
960	227.0
961	214.0
962	230.0
963	228.0
964	230.0
965	208.0
966	217.0
967	217.0
968	210.0
969	213.0
970	223.0
971	234.0
972	234.0
973	222.0
974	208.0
975	215.0
976	224.0
977	230.0
978	229.0
979	199.0
980	249.0
981	223.0
982	227.0
983	231.0
984	236.0
985	220.0
986	218.0
987	238.0
988	223.0
989	230.0
990	236.0
991	227.0
992	235.0
993	236.0
994	224.0
995	240.0
996	242.0
997	231.0
998	242.0
999	216.0
1000	228.0
1001	235.0
1002	226.0
1003	248.0
1004	222.0
1005	249.0
1006	228.0
1007	222.0
1008	240.0
1009	225.0
1010	232.0
1011	237.0
1012	243.0
1013	244.0
1014	231.0
1015	233.0
1016	284.0
1017	241.0
1018	230.0
1019	228.0
1020	225.0
1021	225.0
1022	237.0
1023	294.0
1024	229.0
1025	220.0
1026	233.0
1027	223.0
1028	235.0
1029	234.0
1030	252.0
1031	249.0
1032	233.0
1033	233.0
1034	256.0
1035	237.0
1036	236.0
1037	238.0
1038	240.0
1039	221.0
1040	247.0
1041	325.0
1042	247.0
1043	233.0
1044	228.0
1045	234.0
1046	222.0
1047	230.0
1048	230.0
1049	235.0
1050	230.0
1051	230.0
1052	236.0
1053	258.0
1054	251.0
1055	233.0
1056	236.0
1057	246.0
1058	238.0
1059	251.0
1060	245.0
1061	230.0
1062	243.0
1063	231.0
1064	226.0
1065	244.0
1066	237.0
1067	246.0
1068	237.0
1069	228.0
1070	235.0
1071	234.0
1072	258.0
1073	255.0
1074	260.0
1075	238.0
1076	248.0
1077	234.0
1078	228.0
1079	240.0
1080	234.0
1081	240.0
1082	233.0
1083	239.0
1084	248.0
1085	238.0
1086	244.0
1087	251.0
1088	224.0
1089	236.0
1090	245.0
1091	247.0
1092	257.0
1093	244.0
1094	235.0
1095	233.0
1096	251.0
1097	253.0
1098	260.0
1099	258.0
1100	229.0
1101	228.0
1102	236.0
1103	224.0
1104	243.0
1105	232.0
1106	248.0
1107	246.0
1108	263.0
1109	248.0
1110	270.0
1111	242.0
1112	244.0
1113	252.0
1114	242.0
1115	264.0
1116	240.0
1117	255.0
1118	257.0
1119	238.0
1120	250.0
1121	260.0
1122	250.0
1123	255.0
1124	260.0
1125	259.0
1126	253.0
1127	243.0
1128	252.0
1129	254.0
1130	269.0
1131	254.0
1132	296.0
1133	239.0
1134	244.0
1135	245.0
1136	331.0
1137	248.0
1138	247.0
1139	259.0
1140	251.0
1141	257.0
1142	263.0
1143	257.0
1144	261.0
1145	268.0
1146	264.0
1147	248.0
1148	251.0
1149	246.0
1150	271.0
1151	240.0
1152	263.0
1153	274.0
1154	252.0
1155	253.0
1156	260.0
1157	245.0
1158	246.0
1159	250.0
1160	244.0
1161	256.0
1162	249.0
1163	269.0
1164	266.0
1165	253.0
1166	256.0
1167	262.0
1168	273.0
1169	268.0
1170	294.0
1171	336.0
1172	280.0
1173	263.0
1174	265.0
1175	271.0
1176	259.0
1177	261.0
1178	264.0
1179	265.0
1180	284.0
1181	262.0
1182	251.0
1183	258.0
1184	258.0
1185	273.0
1186	269.0
1187	259.0
1188	272.0
1189	289.0
1190	358.0
1191	381.0
1192	381.0
1193	374.0
1194	330.0
1195	302.0
1196	306.0
1197	264.0
1198	267.0
1199	260.0
1200	264.0
1201	268.0
1202	262.0
1203	279.0
1204	266.0
1205	261.0
1206	274.0
1207	250.0
1208	293.0
1209	275.0
1210	279.0
1211	283.0
1212	283.0
1213	291.0
1214	263.0
1215	263.0
1216	276.0
1217	253.0
1218	268.0
1219	258.0
1220	274.0
1221	279.0
1222	284.0
1223	262.0
1224	266.0
1225	271.0
1226	332.0
1227	323.0
1228	348.0
1229	345.0
1230	356.0
1231	316.0
1232	305.0
1233	278.0
1234	272.0
1235	306.0
1236	284.0
1237	269.0
1238	276.0
1239	269.0
1240	280.0
1241	274.0
1242	269.0
1243	277.0
1244	281.0
1245	265.0
1246	278.0
1247	267.0
1248	280.0
1249	288.0
1250	272.0
1251	264.0
1252	280.0
1253	277.0
1254	260.0
1255	265.0
1256	333.0
1257	334.0
1258	404.0
1259	311.0
1260	318.0
1261	310.0
1262	291.0
1263	279.0
1264	276.0
1265	264.0
1266	280.0
1267	279.0
1268	282.0
1269	284.0
1270	289.0
1271	279.0
1272	274.0
1273	345.0
1274	379.0
1275	311.0
1276	293.0
1277	354.0
1278	306.0
1279	279.0
1280	285.0
1281	295.0
1282	277.0
1283	273.0
1284	293.0
1285	370.0
1286	409.0
1287	299.0
1288	353.0
1289	310.0
1290	289.0
1291	276.0
1292	293.0
1293	289.0
1294	286.0
1295	282.0
1296	302.0
1297	296.0
1298	290.0
1299	276.0
1300	283.0
1301	292.0
1302	306.0
1303	299.0
1304	305.0
1305	297.0
1306	286.0
1307	287.0
1308	304.0
1309	290.0
1310	279.0
1311	290.0
1312	284.0
1313	272.0
1314	286.0
1315	334.0
1316	388.0
1317	356.0
1318	361.0
1319	360.0
1320	289.0
1321	280.0
1322	295.0
1323	310.0
1324	295.0
1325	298.0
1326	279.0
1327	306.0
1328	296.0
1329	310.0
1330	288.0
1331	290.0
1332	295.0
1333	311.0
1334	299.0
1335	388.0
1336	410.0
1337	383.0
1338	333.0
1339	297.0
1340	274.0
1341	305.0
1342	276.0
1343	288.0
1344	289.0
1345	296.0
1346	301.0
1347	304.0
1348	308.0
1349	317.0
1350	288.0
1351	305.0
1352	303.0
1353	291.0
1354	296.0
1355	293.0
1356	311.0
1357	304.0
1358	306.0
1359	402.0
1360	394.0
1361	363.0
1362	323.0
1363	310.0
1364	288.0
1365	308.0
1366	302.0
1367	297.0
1368	304.0
1369	304.0
1370	318.0
1371	309.0
1372	304.0
1373	304.0
1374	304.0
1375	303.0
1376	313.0
1377	321.0
1378	323.0
1379	306.0
1380	305.0
1381	297.0
1382	321.0
1383	303.0
1384	325.0
1385	312.0
1386	299.0
1387	320.0
1388	302.0
1389	303.0
1390	350.0
1391	325.0
1392	317.0
1393	319.0
1394	311.0
1395	331.0
1396	322.0
1397	325.0
1398	311.0
1399	332.0
1400	384.0
1401	319.0
1402	304.0
1403	323.0
1404	319.0
1405	353.0
1406	328.0
1407	328.0
1408	338.0
1409	321.0
1410	350.0
1411	338.0
1412	339.0
1413	356.0
1414	333.0
1415	349.0
1416	342.0
1417	319.0
1418	326.0
1419	325.0
1420	349.0
1421	330.0
1422	306.0
1423	313.0
1424	299.0
1425	311.0
1426	321.0
1427	354.0
1428	356.0
1429	341.0
1430	341.0
1431	313.0
1432	349.0
1433	334.0
1434	333.0
1435	329.0
1436	337.0
1437	333.0
1438	356.0
1439	318.0
1440	356.0
1441	355.0
1442	344.0
1443	322.0
1444	345.0
1445	361.0
1446	361.0
1447	344.0
1448	314.0
1449	342.0
1450	338.0
1451	349.0
1452	350.0
1453	349.0
1454	351.0
1455	359.0
1456	358.0
1457	303.0
1458	366.0
1459	346.0
1460	340.0
1461	343.0
1462	347.0
1463	345.0
1464	358.0
1465	346.0
1466	357.0
1467	350.0
1468	350.0
1469	349.0
1470	349.0
1471	349.0
1472	330.0
1473	357.0
1474	373.0
1475	352.0
1476	359.0
1477	347.0
1478	342.0
1479	343.0
1480	347.0
1481	360.0
1482	337.0
1483	345.0
1484	341.0
1485	355.0
1486	341.0
1487	318.0
1488	334.0
1489	339.0
1490	400.0
1491	327.0
1492	324.0
1493	352.0
1494	332.0
1495	322.0
1496	323.0
1497	351.0
1498	345.0
1499	361.0
1500	358.0
1501	353.0
1502	359.0
1503	352.0
1504	339.0
1505	332.0
1506	346.0
1507	337.0
1508	344.0
1509	346.0
1510	335.0
1511	337.0
1512	351.0
1513	339.0
1514	353.0
1515	325.0
1516	363.0
1517	350.0
1518	338.0
1519	425.0
1520	468.0
1521	393.0
1522	351.0
1523	342.0
1524	341.0
1525	326.0
1526	338.0
1527	346.0
1528	337.0
1529	362.0
1530	480.0
1531	381.0
1532	345.0
1533	337.0
1534	346.0
1535	347.0
1536	364.0
1537	344.0
1538	420.0
1539	477.0
1540	412.0
1541	349.0
1542	351.0
1543	351.0
1544	351.0
1545	345.0
1546	335.0
1547	358.0
1548	343.0
1549	343.0
1550	350.0
1551	357.0
1552	371.0
1553	479.0
1554	436.0
1555	352.0
1556	362.0
1557	412.0
1558	351.0
1559	351.0
1560	350.0
1561	362.0
1562	346.0
1563	344.0
1564	364.0
1565	356.0
1566	427.0
1567	353.0
1568	337.0
1569	345.0
1570	350.0
1571	362.0
1572	351.0
1573	353.0
1574	359.0
1575	373.0
1576	377.0
1577	359.0
1578	320.0
1579	369.0
1580	362.0
1581	397.0
1582	379.0
1583	390.0
1584	373.0
1585	337.0
1586	381.0
1587	364.0
1588	364.0
1589	381.0
1590	376.0
1591	370.0
1592	371.0
1593	396.0
1594	374.0
1595	381.0
1596	354.0
1597	367.0
1598	389.0
1599	364.0
1600	368.0
1601	362.0
1602	350.0
1603	365.0
1604	351.0
1605	379.0
1606	371.0
1607	357.0
1608	364.0
1609	374.0
1610	359.0
1611	342.0
1612	374.0
1613	355.0
1614	388.0
1615	461.0
1616	366.0
1617	385.0
1618	357.0
1619	361.0
1620	375.0
1621	421.0
1622	364.0
1623	371.0
1624	369.0
1625	371.0
1626	370.0
1627	390.0
1628	396.0
1629	414.0
1630	358.0
1631	369.0
1632	344.0
1633	339.0
1634	386.0
1635	419.0
1636	391.0
1637	391.0
1638	408.0
1639	396.0
1640	397.0
1641	409.0
1642	386.0
1643	393.0
1644	365.0
1645	399.0
1646	415.0
1647	413.0
1648	407.0
1649	400.0
1650	378.0
1651	379.0
1652	392.0
1653	401.0
1654	425.0
1655	388.0
1656	384.0
1657	388.0
1658	433.0
1659	426.0
1660	400.0
1661	404.0
1662	386.0
1663	403.0
1664	378.0
1665	382.0
1666	397.0
1667	416.0
1668	392.0
1669	391.0
1670	370.0
1671	406.0
1672	385.0
1673	395.0
1674	406.0
1675	395.0
1676	410.0
1677	400.0
1678	390.0
1679	414.0
1680	423.0
1681	436.0
1682	458.0
1683	494.0
1684	451.0
1685	360.0
1686	375.0
1687	380.0
1688	363.0
1689	450.0
1690	399.0
1691	375.0
1692	374.0
1693	371.0
1694	391.0
1695	393.0
1696	381.0
1697	368.0
1698	400.0
1699	389.0
1700	406.0
1701	388.0
1702	391.0
1703	380.0
1704	386.0
1705	364.0
1706	390.0
1707	368.0
1708	386.0
1709	383.0
1710	370.0
1711	382.0
1712	386.0
1713	383.0
1714	398.0
1715	392.0
1716	396.0
1717	370.0
1718	430.0
1719	376.0
1720	397.0
1721	375.0
1722	394.0
1723	371.0
1724	385.0
1725	415.0
1726	367.0
1727	376.0
1728	422.0
1729	426.0
1730	405.0
1731	380.0
1732	381.0
1733	393.0
1734	427.0
1735	380.0
1736	380.0
1737	388.0
1738	409.0
1739	445.0
1740	437.0
1741	444.0
1742	410.0
1743	408.0
1744	423.0
1745	417.0
1746	441.0
1747	403.0
1748	411.0
1749	410.0
1750	414.0
1751	427.0
1752	403.0
1753	407.0
1754	424.0
1755	434.0
1756	409.0
1757	402.0
1758	400.0
1759	393.0
1760	399.0
1761	395.0
1762	430.0
1763	394.0
1764	418.0
1765	375.0
1766	398.0
1767	390.0
1768	400.0
1769	407.0
1770	397.0
1771	410.0
1772	394.0
1773	379.0
1774	392.0
1775	401.0
1776	414.0
1777	424.0
1778	382.0
1779	402.0
1780	391.0
1781	413.0
1782	409.0
1783	436.0
1784	424.0
1785	408.0
1786	404.0
1787	413.0
1788	392.0
1789	393.0
1790	426.0
1791	417.0
1792	424.0
1793	406.0
1794	424.0
1795	419.0
1796	407.0
1797	403.0
1798	421.0
1799	395.0
1800	400.0
1801	462.0
1802	405.0
1803	432.0
1804	442.0
1805	416.0
1806	421.0
1807	411.0
1808	439.0
1809	455.0
1810	428.0
1811	420.0
1812	445.0
1813	393.0
1814	453.0
1815	451.0
1816	450.0
1817	430.0
1818	472.0
1819	446.0
1820	419.0
1821	441.0
1822	459.0
1823	447.0
1824	445.0
1825	421.0
1826	412.0
1827	525.0
1828	430.0
1829	414.0
1830	430.0
1831	434.0
1832	458.0
1833	428.0
1834	432.0
1835	416.0
1836	421.0
1837	419.0
1838	402.0
1839	417.0
1840	384.0
1841	409.0
1842	425.0
1843	395.0
1844	446.0
1845	423.0
1846	422.0
1847	430.0
1848	432.0
1849	436.0
1850	461.0
1851	426.0
1852	436.0
1853	433.0
1854	438.0
1855	466.0
1856	451.0
1857	428.0
1858	424.0
1859	391.0
1860	405.0
1861	421.0
1862	400.0
1863	405.0
1864	474.0
1865	467.0
1866	461.0
1867	441.0
1868	474.0
1869	414.0
1870	417.0
1871	426.0
1872	398.0
1873	433.0
1874	420.0
1875	417.0
1876	455.0
1877	475.0
1878	412.0
1879	434.0
1880	415.0
1881	431.0
1882	420.0
1883	444.0
1884	504.0
1885	425.0
1886	407.0
1887	457.0
1888	435.0
1889	445.0
1890	414.0
1891	461.0
1892	429.0
1893	411.0
1894	402.0
1895	436.0
1896	437.0
1897	415.0
1898	432.0
1899	438.0
1900	420.0
1901	455.0
1902	481.0
1903	506.0
1904	435.0
1905	433.0
1906	445.0
1907	461.0
1908	716.0
1909	617.0
1910	572.0
1911	480.0
1912	461.0
1913	442.0
1914	420.0
1915	440.0
1916	508.0
1917	548.0
1918	455.0
1919	427.0
1920	514.0
1921	509.0
1922	473.0
1923	521.0
1924	552.0
1925	586.0
1926	463.0
1927	535.0
1928	525.0
1929	628.0
1930	521.0
1931	507.0
1932	443.0
1933	451.0
1934	551.0
1935	512.0
1936	554.0
1937	561.0
1938	575.0
1939	765.0
1940	663.0
1941	547.0
1942	576.0
1943	609.0
1944	588.0
1945	465.0
1946	474.0
1947	514.0
1948	488.0
1949	515.0
1950	492.0
1951	492.0
1952	443.0
1953	445.0
1954	467.0
1955	433.0
1956	482.0
1957	463.0
1958	463.0
1959	467.0
1960	506.0
1961	470.0
1962	447.0
1963	475.0
1964	483.0
1965	473.0
1966	439.0
1967	481.0
1968	467.0
1969	462.0
1970	520.0
1971	471.0
1972	452.0
1973	608.0
1974	481.0
1975	525.0
1976	483.0
1977	476.0
1978	467.0
1979	440.0
1980	523.0
1981	478.0
1982	469.0
1983	470.0
1984	435.0
1985	446.0
1986	439.0
1987	479.0
1988	531.0
1989	498.0
1990	486.0
1991	433.0
1992	463.0
1993	436.0
1994	452.0
1995	451.0
1996	446.0
1997	446.0
1998	464.0
1999	456.0
2000	457.0
2001	442.0
2002	539.0
2003	658.0
2004	471.0
2005	452.0
2006	440.0
2007	435.0
2008	466.0
2009	441.0
2010	456.0
2011	456.0
2012	460.0
2013	458.0
2014	458.0
2015	457.0
2016	467.0
2017	460.0
2018	451.0
2019	443.0
2020	505.0
2021	482.0
2022	464.0
2023	466.0
2024	456.0
2025	452.0
2026	472.0
2027	455.0
2028	478.0
2029	465.0
2030	483.0
2031	473.0
2032	468.0
2033	452.0
2034	463.0
2035	460.0
2036	452.0
2037	466.0
2038	434.0
2039	483.0
2040	445.0
2041	446.0
2042	464.0
2043	432.0
2044	481.0
2045	477.0
2046	474.0
2047	487.0
2048	459.0
2049	460.0
2050	489.0
2051	523.0
2052	496.0
2053	527.0
2054	515.0
2055	490.0
2056	490.0
2057	512.0
2058	494.0
2059	536.0
2060	476.0
2061	469.0
2062	740.0
2063	549.0
2064	569.0
2065	505.0
2066	531.0
2067	591.0
2068	503.0
2069	508.0
2070	488.0
2071	482.0
2072	497.0
2073	470.0
2074	478.0
2075	493.0
2076	479.0
2077	483.0
2078	513.0
2079	490.0
2080	535.0
2081	497.0
2082	521.0
2083	513.0
2084	549.0
2085	509.0
2086	474.0
2087	449.0
2088	461.0
2089	471.0
2090	499.0
2091	489.0
2092	498.0
2093	489.0
2094	461.0
2095	477.0
2096	475.0
2097	521.0
2098	493.0
2099	511.0
2100	504.0
2101	517.0
2102	501.0
